[1 "A1" 4 20 21 29 49 51 53 61 71 73 78 85 86 89 96 102]
[2 "B2" 15 24 26 39 40 51 99]
[3 "C3" 21 37 46 72]
[4 "D4" 2 34 47 51 54 57 66 72 76 88 97 98]
[5 "E5" 13 32]
[6 "F6" 33 34 38 59 74 97 99 102]
[7 "G7" 6 18 55 72 78 90]
[8 "H8" 5 18 23 25 26 33 35 40 58 61 76 84 102]
[9 "I9" 92 101 102]
[10 "J10" 7 76]
[11 "K11" 1 23 27 54 62 78]
[12 "L12" 1 6 13 22 23 24 29 43 44 56 92]
[13 "M13" 21 24 32 37 50 55 66 77 83 88 92 98]
[14 "N14" 4 10 44 57 66 69 73 84 92 100 102]
[15 "O15" 11 13 25 29 65 66 70 87 98 99]
[16 "P16" 44 48 89]
[17 "Q17" 29 38 39 51 56 74]
[18 "R18" 6 17 75 85 92]
[19 "S19" 64 81]
[20 "T20" 2 4 21 29 38 52 64 78 85 86 95 98 103 104]
[21 "U21" 54 64 69 98]
[22 "V22" 18 79]
[23 "W23" 11 14 32 54 60 63 76 82 83 89 90 104]
[24 "X24" 3 12 16 22 26 37 39 40 53 59 68 71 80 88 93]
[25 "Y25" 12 20 22 27 43 44 49 55 73 79 84 88 92 98]
[26 "Z26" 3 22 28 39 41 49 57 63 65 67 70 71 78 81 84 98]
[27 "A27" 6 22 30 37 41 48 56 61 64 87 89 99 103]
[28 "B28" 1 5 7 16 20 22 29 38 39 43 53 66 68 70 72 75 76]
[29 "C29" 2 7 71]
[30 "D30" 19 34 54 62 77 99]
[31 "E31" 12 18 30 37 51 52 61 67 84 86 91 93 96 101]
[32 "F32" 14 23 38 87 103]
[33 "G33" 3 6 61 70 80 84]
[34 "H34" 23 30 68]
[35 "I35" 10 29 61 63 64 68 69 70 71 85 89 93]
[36 "J36" 80 102]
[37 "K37" 67 76 77 80 92 98 104]
[38 "L38" 41 59 67 75 102]
[39 "M39" 20 29 31 93]
[40 "N40" 26 61 80]
[41 "O41" 6 11 19 22 29 49 71]
[42 "P42" 26 69 71 88]
[43 "Q43" 6 33 49 52 84 89]
[44 "R44" 12 77]
[45 "S45" 6 20 38 41 61 63 87 97 100 101 103]
[46 "T46" 29 34 38 45 49 54 58 60 70 71 91 93 94 96 104]
[47 "U47" 1 36 50 62]
[48 "V48" 4 6 13 19 21 40 41 42 54 68 72 81 90 99]
[49 "W49" 7 26 27 29 34 43 56 86 94]
[50 "X50" 4 20 41 43 47 51 56 91]
[51 "Y51" 27 32 55 57 59 89 97 101]
[52 "Z52" 62 68 75]
[53 "A53" 1 23 34 35 40 41 71 77 87 91 93]
[54 "B54" 5 10 11 20 24 26 30 36 48 66 71 90 95 96 100]
[55 "C55" 7 49 50 62]
[56 "D56" 6 9 12 18 22 24 33 34 39 61 78 97 100]
[57 "E57" 8 13 44 60 61 76 85]
[58 "F58" 2 3 6 15 23 26 30 50 72 83 88 93 98 99 100 104]
[59 "G59" 5 24 42 48 51 52 55 62 64 66 68 69 78 80 82 89 103]
[60 "H60" 20 42 53 74]
[61 "I61" 18 20 26 33 47 54 59]
[62 "J62" 7 28 34 39 65 66 73 97]
[63 "K63" 5 21 33 36 51 62 67 70 89 91]
[64 "L64" 18 21 40 43 56 59 62 63 68 69 75 79 83 87 96]
[65 "M65" 2 8 16 28 30 31 36 40 69 71 74 78 81 88 101]
[66 "N66" 4 12 17 40 56 70 92 101 104]
[67 "O67" 4 16 57 73 83 93 97]
[68 "P68" 43 49 60 63 75]
[69 "Q69" 7 18]
[70 "R70" 11 13 16 25 28 46 57 59 62 71 75 76 78 81 97]
[71 "S71" 25 27 55 98]
[72 "T72" 14 55 71 84 85]
[73 "U73" 16 31 32 35 37 38 40 66 69 81 93]
[74 "V74" 4 7 17 35 37 64 68 78 81 83 90 99 101 102]
[75 "W75" 5 18 22 36 69 90 101 104]
[76 "X76" 1 2 6 20 28 44 57 60 66 69 75 80 84 87 89 99]
[77 "Y77" 5 22 40 54 89]
[78 "Z78" 8 20 29 31 36 40 41 60 61 70 72 73]
[79 "A79" 15 29 31 61 75 82 86]
[80 "B80" 29 36 37]
[81 "C81" 1 19 24 38 39 40 41 47 49 50 51 55 59 94 95 96 101]
[82 "D82" 3 14 29 35 37 40 43 52 55 57 64 70 77 78 83 89]
[83 "E83" 53 72 89]
[84 "F84" 10 11 19 23 26 31 34 54 72 86 91 96 98 102]
[85 "G85" 2 7 16 26 33 47 48 54 56 61 64 82 90 97]
[86 "H86" 42 67]
[87 "I87" 2 8 9 22 34 36 40 81 100 102]
[88 "J88" 21 29 55 103]
[89 "K89" 17 35 48 53 55 59 85 87 98 99]
[90 "L90" 7 9 10 12 13 24 26 29 39 41 46 54 56 60 94]
[91 "M91" 21 32 44 50 53 84 85]
[92 "N92" 19 25 40 41 42 44 57 66 87 89 95 99 100]
[93 "O93" 40 45 54 59 61 76 83]
[94 "P94" 34 57 83]
[95 "Q95" 4 6 17 51 63 65 69 77 91 94]
[96 "R96" 1 29 55 67 72 80 84 91 92 98]
[97 "S97" 3 13 28 29 36 38 49 50 72 78 82 85 96 102]
[98 "T98" 13 15 24 26 31 34 36 37 38 42 45 56 84 85 100]
[99 "U99" 11 43]
[100 "V100" 17 26 40 45 46 57 65 84 96 103]
[101 "W101" 2 10 19 22 26 36 43 47 50 51 59 60 61 76 87 91 102]
[102 "X102" 8 12 29 34 41 54 61 69 82 95]
[103 "Y103" 6 11 12 13 14 28 53 59 70 95 96]
[104 "Z104" 16 32 67]
